"01/10/2022", 11.08, 10.65, 11.82, 11.90, 12.14, 12.09, 12.43, 12.82, 14.37, 14.32, 13.78, 14.21, 12.96
"02/10/2022", 10.95, 10.52, 11.72, 11.78, 12.03, 11.97, 12.33, 12.74, 14.26, 14.20, 13.68, 14.13, 12.89
"03/10/2022", 10.87, 10.41, 11.62, 11.68, 11.93, 11.88, 12.24, 12.66, 14.15, 14.09, 13.60, 14.06, 12.81
"04/10/2022", 10.79, 10.31, 11.52, 11.59, 11.85, 11.80, 12.15, 12.58, 14.06, 13.99, 13.51, 13.98, 12.74
"05/10/2022", 10.72, 10.20, 11.42, 11.48, 11.74, 11.71, 12.06, 12.50, 13.95, 13.87, 13.41, 13.90, 12.65
"06/10/2022", 10.63, 10.09, 11.32, 11.35, 11.60, 11.60, 11.96, 12.40, 13.83, 13.75, 13.31, 13.80, 12.57
"07/10/2022", 10.55,  9.98, 11.21, 11.23, 11.49, 11.50, 11.86, 12.29, 13.71, 13.62, 13.20, 13.68, 12.46
"08/10/2022", 10.46,  9.88, 11.11, 11.13, 11.39, 11.38, 11.76, 12.18, 13.60, 13.50, 13.11, 13.56, 12.37
"09/10/2022", 10.35,  9.79, 11.01, 11.01, 11.27, 11.26, 11.66, 12.07, 13.46, 13.36, 12.99, 13.44, 12.26
"10/10/2022", 10.24,  9.68, 10.92, 10.91, 11.16, 11.15, 11.56, 11.97, 13.35, 13.23, 12.89, 13.32, 12.16
"11/10/2022", 10.12,  9.58, 10.80, 10.81, 11.05, 11.02, 11.44, 11.84, 13.21, 13.08, 12.77, 13.18, 12.02
"12/10/2022", 10.00,  9.46, 10.66, 10.68, 10.91, 10.86, 11.30, 11.68, 13.05, 12.92, 12.63, 13.02, 11.88
"13/10/2022",  9.84,  9.29, 10.49, 10.52, 10.74, 10.68, 11.13, 11.51, 12.89, 12.75, 12.48, 12.87, 11.71
"14/10/2022",  9.68,  9.13, 10.31, 10.36, 10.58, 10.50, 10.96, 11.37, 12.73, 12.59, 12.34, 12.73, 11.56
"15/10/2022",  9.53,  8.99, 10.15, 10.19, 10.42, 10.33, 10.80, 11.22, 12.58, 12.43, 12.19, 12.59, 11.42
"16/10/2022",  9.36,  8.83,  9.99, 10.04, 10.29, 10.19, 10.66, 11.11, 12.47, 12.32, 12.08, 12.49, 11.33
"17/10/2022",  9.24,  8.71,  9.88,  9.92, 10.18, 10.07, 10.56, 11.04, 12.39, 12.23, 12.00, 12.42, 11.26
"18/10/2022",  9.11,  8.59,  9.76,  9.80, 10.06,  9.95, 10.44, 10.96, 12.27, 12.11, 11.89, 12.32, 11.16
"19/10/2022",  9.02,  8.49,  9.64,  9.66,  9.93,  9.84, 10.33, 10.86, 12.14, 11.97, 11.78, 12.21, 11.06
"20/10/2022",  8.94,  8.40,  9.54,  9.55,  9.81,  9.73, 10.23, 10.76, 12.04, 11.86, 11.68, 12.12, 10.95
"21/10/2022",  8.86,  8.30,  9.43,  9.43,  9.68,  9.60, 10.12, 10.66, 11.90, 11.72, 11.57, 11.99, 10.83
"22/10/2022",  8.74,  8.16,  9.27,  9.27,  9.52,  9.45,  9.97, 10.54, 11.76, 11.57, 11.44, 11.86, 10.70
"23/10/2022",  8.64,  8.06,  9.14,  9.15,  9.40,  9.34,  9.84, 10.44, 11.65, 11.46, 11.34, 11.77, 10.61
"24/10/2022",  8.53,  7.95,  9.02,  9.03,  9.28,  9.22,  9.72, 10.33, 11.52, 11.33, 11.23, 11.67, 10.50
"25/10/2022",  8.39,  7.79,  8.86,  8.88,  9.13,  9.08,  9.56, 10.19, 11.38, 11.18, 11.09, 11.53, 10.35
"26/10/2022",  8.25,  7.65,  8.70,  8.76,  9.01,  8.94,  9.41, 10.06, 11.25, 11.05, 10.96, 11.41, 10.21
"27/10/2022",  8.09,  7.52,  8.55,  8.61,  8.85,  8.78,  9.26,  9.91, 11.08, 10.87, 10.80, 11.25, 10.06
"28/10/2022",  7.95,  7.35,  8.38,  8.44,  8.68,  8.60,  9.09,  9.76, 10.88, 10.66, 10.62, 11.07,  9.88
"29/10/2022",  7.83,  7.23,  8.25,  8.31,  8.55,  8.47,  8.96,  9.64, 10.74, 10.52, 10.47, 10.93,  9.74
"30/10/2022",  7.70,  7.11,  8.11,  8.18,  8.41,  8.33,  8.82,  9.54, 10.58, 10.36, 10.33, 10.81,  9.65
"31/10/2022",  7.55,  6.97,  7.95,  8.01,  8.24,  8.18,  8.66,  9.42, 10.42, 10.19, 10.18, 10.67,  9.51
"01/11/2022",  7.43,  6.85,  7.82,  7.88,  8.11,  8.07,  8.53,  9.35, 10.29, 10.06, 10.05, 10.57,  9.40
"02/11/2022",  7.29,  6.74,  7.71,  7.78,  8.00,  7.98,  8.42,  9.28, 10.19,  9.96,  9.96, 10.47,  9.31
"03/11/2022",  7.15,  6.61,  7.57,  7.63,  7.86,  7.86,  8.28,  9.17, 10.07,  9.83,  9.84, 10.34,  9.18
"04/11/2022",  7.02,  6.50,  7.47,  7.53,  7.75,  7.75,  8.17,  9.05,  9.94,  9.70,  9.73, 10.19,  9.03
"05/11/2022",  6.94,  6.39,  7.36,  7.43,  7.64,  7.63,  8.06,  8.96,  9.81,  9.57,  9.60, 10.05,  8.92
"06/11/2022",  6.84,  6.28,  7.22,  7.30,  7.50,  7.52,  7.93,  8.84,  9.69,  9.45,  9.49,  9.91,  8.78
"07/11/2022",  6.72,  6.17,  7.08,  7.16,  7.37,  7.37,  7.78,  8.73,  9.55,  9.30,  9.35,  9.77,  8.64
"08/11/2022",  6.56,  6.02,  6.94,  7.01,  7.21,  7.22,  7.65,  8.62,  9.39,  9.14,  9.20,  9.64,  8.52
"09/11/2022",  6.43,  5.87,  6.79,  6.86,  7.07,  7.09,  7.51,  8.53,  9.27,  9.02,  9.08,  9.55,  8.41
"10/11/2022",  6.29,  5.75,  6.69,  6.75,  6.96,  6.99,  7.40,  8.46,  9.17,  8.91,  8.98,  9.48,  8.33
"11/11/2022",  6.18,  5.67,  6.60,  6.66,  6.87,  6.89,  7.31,  8.37,  9.05,  8.79,  8.87,  9.37,  8.25
"12/11/2022",  6.10,  5.58,  6.52,  6.56,  6.77,  6.80,  7.23,  8.28,  8.93,  8.67,  8.75,  9.28,  8.15
"13/11/2022",  6.05,  5.54,  6.47,  6.50,  6.71,  6.74,  7.17,  8.20,  8.84,  8.58,  8.67,  9.20,  8.08
"14/11/2022",  5.94,  5.46,  6.36,  6.39,  6.60,  6.62,  7.05,  8.10,  8.71,  8.45,  8.56,  9.06,  7.96
"15/11/2022",  5.80,  5.32,  6.19,  6.23,  6.43,  6.46,  6.88,  7.95,  8.54,  8.27,  8.40,  8.90,  7.81
"16/11/2022",  5.64,  5.13,  6.02,  6.04,  6.24,  6.28,  6.71,  7.80,  8.36,  8.09,  8.23,  8.75,  7.68
"17/11/2022",  5.48,  4.96,  5.87,  5.88,  6.08,  6.11,  6.55,  7.67,  8.20,  7.92,  8.09,  8.61,  7.55
"18/11/2022",  5.30,  4.77,  5.68,  5.69,  5.88,  5.93,  6.36,  7.53,  8.03,  7.74,  7.92,  8.46,  7.38
"19/11/2022",  5.15,  4.58,  5.53,  5.52,  5.71,  5.76,  6.21,  7.40,  7.86,  7.58,  7.77,  8.33,  7.26
"20/11/2022",  5.07,  4.48,  5.46,  5.46,  5.65,  5.68,  6.13,  7.33,  7.78,  7.49,  7.69,  8.26,  7.17
"21/11/2022",  4.97,  4.38,  5.34,  5.38,  5.56,  5.57,  6.01,  7.24,  7.69,  7.39,  7.60,  8.17,  7.06
"22/11/2022",  4.86,  4.29,  5.22,  5.28,  5.46,  5.46,  5.89,  7.15,  7.60,  7.31,  7.50,  8.08,  6.94
"23/11/2022",  4.78,  4.21,  5.15,  5.21,  5.40,  5.37,  5.81,  7.09,  7.53,  7.24,  7.43,  8.02,  6.88
"24/11/2022",  4.75,  4.20,  5.10,  5.19,  5.37,  5.33,  5.75,  7.05,  7.48,  7.19,  7.39,  7.97,  6.81
"25/11/2022",  4.66,  4.14,  5.01,  5.12,  5.30,  5.26,  5.67,  6.99,  7.41,  7.13,  7.33,  7.92,  6.74
"26/11/2022",  4.59,  4.11,  4.98,  5.07,  5.25,  5.22,  5.62,  6.96,  7.36,  7.08,  7.29,  7.86,  6.67
"27/11/2022",  4.51,  4.02,  4.90,  5.00,  5.17,  5.13,  5.53,  6.89,  7.27,  6.99,  7.22,  7.78,  6.60
"28/11/2022",  4.43,  3.92,  4.78,  4.90,  5.06,  5.02,  5.39,  6.78,  7.14,  6.85,  7.10,  7.63,  6.47
"29/11/2022",  4.30,  3.77,  4.64,  4.75,  4.92,  4.86,  5.26,  6.65,  6.98,  6.68,  6.94,  7.47,  6.28
"30/11/2022",  4.18,  3.64,  4.49,  4.61,  4.77,  4.70,  5.10,  6.52,  6.81,  6.50,  6.78,  7.31,  6.14
"01/12/2022",  4.07,  3.46,  4.34,  4.48,  4.64,  4.56,  4.96,  6.41,  6.68,  6.36,  6.64,  7.20,  6.04
"02/12/2022",  4.01,  3.35,  4.29,  4.40,  4.57,  4.50,  4.90,  6.36,  6.59,  6.28,  6.55,  7.12,  5.98
"03/12/2022",  3.91,  3.26,  4.26,  4.36,  4.53,  4.47,  4.87,  6.33,  6.55,  6.24,  6.51,  7.11,  5.97
"04/12/2022",  3.88,  3.22,  4.24,  4.33,  4.51,  4.46,  4.84,  6.32,  6.53,  6.22,  6.49,  7.10,  5.98
"05/12/2022",  3.86,  3.19,  4.24,  4.30,  4.48,  4.47,  4.83,  6.31,  6.51,  6.20,  6.47,  7.08,  5.96
"06/12/2022",  3.87,  3.20,  4.25,  4.28,  4.46,  4.48,  4.84,  6.32,  6.49,  6.18,  6.45,  7.04,  5.95
"07/12/2022",  3.84,  3.19,  4.24,  4.26,  4.44,  4.46,  4.81,  6.29,  6.47,  6.17,  6.44,  7.01,  5.93
"08/12/2022",  3.86,  3.18,  4.22,  4.21,  4.38,  4.41,  4.78,  6.24,  6.42,  6.12,  6.40,  6.94,  5.86
"09/12/2022",  3.83,  3.13,  4.16,  4.16,  4.33,  4.34,  4.71,  6.17,  6.34,  6.04,  6.33,  6.87,  5.79
"10/12/2022",  3.78,  3.07,  4.08,  4.08,  4.25,  4.22,  4.62,  6.10,  6.27,  5.96,  6.25,  6.80,  5.72
"11/12/2022",  3.67,  2.98,  3.97,  3.99,  4.15,  4.10,  4.51,  5.99,  6.19,  5.88,  6.18,  6.75,  5.62
"12/12/2022",  3.56,  2.87,  3.85,  3.90,  4.05,  3.97,  4.38,  5.91,  6.10,  5.78,  6.09,  6.65,  5.52
"13/12/2022",  3.43,  2.76,  3.74,  3.81,  3.95,  3.88,  4.26,  5.85,  6.02,  5.70,  6.02,  6.57,  5.44
"14/12/2022",  3.32,  2.64,  3.65,  3.72,  3.87,  3.82,  4.17,  5.82,  5.96,  5.64,  5.97,  6.52,  5.40
"15/12/2022",  3.28,  2.60,  3.61,  3.67,  3.82,  3.81,  4.13,  5.79,  5.90,  5.58,  5.92,  6.48,  5.36
"16/12/2022",  3.29,  2.59,  3.61,  3.66,  3.81,  3.83,  4.12,  5.79,  5.87,  5.55,  5.90,  6.44,  5.35
"17/12/2022",  3.28,  2.55,  3.56,  3.61,  3.76,  3.80,  4.07,  5.74,  5.81,  5.49,  5.84,  6.40,  5.31
"18/12/2022",  3.27,  2.53,  3.50,  3.57,  3.72,  3.73,  4.00,  5.69,  5.74,  5.42,  5.77,  6.36,  5.25
"19/12/2022",  3.25,  2.53,  3.47,  3.53,  3.69,  3.67,  3.96,  5.67,  5.70,  5.37,  5.72,  6.33,  5.20
"20/12/2022",  3.21,  2.54,  3.47,  3.55,  3.71,  3.67,  3.95,  5.67,  5.74,  5.42,  5.74,  6.36,  5.21
"21/12/2022",  3.15,  2.50,  3.42,  3.51,  3.68,  3.61,  3.90,  5.63,  5.72,  5.39,  5.72,  6.36,  5.16
"22/12/2022",  3.14,  2.52,  3.41,  3.52,  3.69,  3.60,  3.89,  5.64,  5.72,  5.39,  5.72,  6.39,  5.13
"23/12/2022",  3.12,  2.51,  3.42,  3.52,  3.69,  3.61,  3.88,  5.64,  5.73,  5.40,  5.73,  6.40,  5.12
"24/12/2022",  3.08,  2.47,  3.37,  3.47,  3.65,  3.57,  3.83,  5.61,  5.71,  5.38,  5.72,  6.38,  5.09
"25/12/2022",  3.03,  2.39,  3.29,  3.37,  3.54,  3.46,  3.73,  5.54,  5.60,  5.25,  5.63,  6.25,  4.97
"26/12/2022",  3.00,  2.33,  3.21,  3.30,  3.47,  3.38,  3.65,  5.52,  5.50,  5.15,  5.55,  6.15,  4.93
"27/12/2022",  2.92,  2.25,  3.10,  3.20,  3.38,  3.27,  3.53,  5.45,  5.41,  5.05,  5.45,  6.04,  4.82
"28/12/2022",  2.83,  2.16,  2.99,  3.12,  3.29,  3.19,  3.44,  5.39,  5.35,  4.99,  5.40,  5.99,  4.77
"29/12/2022",  2.76,  2.12,  2.96,  3.11,  3.28,  3.18,  3.41,  5.37,  5.34,  4.98,  5.39,  5.96,  4.78
"30/12/2022",  2.72,  2.09,  2.96,  3.11,  3.29,  3.20,  3.41,  5.38,  5.35,  4.99,  5.39,  5.97,  4.80
"31/12/2022",  2.67,  2.05,  2.95,  3.11,  3.29,  3.22,  3.40,  5.39,  5.36,  5.01,  5.39,  6.03,  4.83
"01/01/2023",  2.66,  2.05,  2.99,  3.13,  3.32,  3.25,  3.43,  5.42,  5.38,  5.03,  5.41,  6.07,  4.86
"02/01/2023",  2.68,  2.08,  3.03,  3.18,  3.36,  3.27,  3.45,  5.46,  5.37,  5.02,  5.40,  6.08,  4.89
"03/01/2023",  2.68,  2.04,  2.99,  3.15,  3.33,  3.23,  3.41,  5.44,  5.34,  4.98,  5.36,  6.06,  4.85
"04/01/2023",  2.70,  2.03,  2.99,  3.14,  3.31,  3.21,  3.39,  5.42,  5.29,  4.93,  5.33,  6.03,  4.82
"05/01/2023",  2.71,  2.05,  2.98,  3.14,  3.31,  3.19,  3.38,  5.39,  5.26,  4.90,  5.30,  5.99,  4.77
"06/01/2023",  2.70,  2.05,  2.96,  3.13,  3.30,  3.18,  3.36,  5.37,  5.25,  4.89,  5.29,  5.95,  4.75
"07/01/2023",  2.68,  2.04,  2.95,  3.10,  3.28,  3.16,  3.34,  5.33,  5.24,  4.87,  5.28,  5.94,  4.72
"08/01/2023",  2.65,  2.04,  2.93,  3.07,  3.26,  3.12,  3.32,  5.30,  5.19,  4.82,  5.23,  5.90,  4.68
"09/01/2023",  2.59,  2.01,  2.85,  3.02,  3.21,  3.07,  3.24,  5.27,  5.16,  4.78,  5.19,  5.89,  4.63
"10/01/2023",  2.54,  1.96,  2.79,  2.96,  3.16,  2.99,  3.18,  5.21,  5.10,  4.71,  5.12,  5.82,  4.52
"11/01/2023",  2.50,  1.91,  2.73,  2.92,  3.12,  2.94,  3.11,  5.16,  5.03,  4.64,  5.06,  5.76,  4.48
"12/01/2023",  2.44,  1.83,  2.66,  2.84,  3.05,  2.86,  3.05,  5.10,  4.95,  4.55,  4.97,  5.69,  4.40
"13/01/2023",  2.44,  1.81,  2.65,  2.83,  3.03,  2.84,  3.03,  5.07,  4.93,  4.53,  4.94,  5.66,  4.39
"14/01/2023",  2.45,  1.80,  2.66,  2.84,  3.03,  2.83,  3.02,  5.06,  4.91,  4.51,  4.93,  5.63,  4.41
"15/01/2023",  2.46,  1.80,  2.68,  2.83,  3.03,  2.83,  3.04,  5.06,  4.89,  4.49,  4.91,  5.64,  4.48
"16/01/2023",  2.46,  1.79,  2.67,  2.83,  3.02,  2.82,  3.02,  5.06,  4.87,  4.47,  4.89,  5.66,  4.49
"17/01/2023",  2.48,  1.80,  2.65,  2.84,  3.02,  2.83,  3.00,  5.07,  4.87,  4.46,  4.89,  5.67,  4.50
"18/01/2023",  2.47,  1.77,  2.62,  2.82,  3.00,  2.81,  2.97,  5.07,  4.83,  4.42,  4.86,  5.66,  4.49
"19/01/2023",  2.45,  1.77,  2.59,  2.79,  2.98,  2.78,  2.94,  5.06,  4.81,  4.40,  4.84,  5.66,  4.46
"20/01/2023",  2.47,  1.81,  2.64,  2.82,  3.00,  2.81,  2.98,  5.06,  4.83,  4.42,  4.86,  5.68,  4.45
"21/01/2023",  2.52,  1.86,  2.71,  2.85,  3.03,  2.84,  3.03,  5.10,  4.85,  4.43,  4.88,  5.68,  4.48
"22/01/2023",  2.59,  1.95,  2.79,  2.92,  3.10,  2.90,  3.11,  5.15,  4.91,  4.50,  4.94,  5.73,  4.56
"23/01/2023",  2.69,  2.05,  2.87,  2.97,  3.16,  2.97,  3.18,  5.20,  4.98,  4.57,  5.00,  5.78,  4.62
"24/01/2023",  2.78,  2.12,  2.97,  3.03,  3.21,  3.04,  3.26,  5.24,  5.03,  4.63,  5.05,  5.83,  4.67
"25/01/2023",  2.81,  2.16,  2.98,  3.06,  3.24,  3.08,  3.27,  5.28,  5.08,  4.68,  5.10,  5.88,  4.73
"26/01/2023",  2.86,  2.23,  3.04,  3.10,  3.29,  3.13,  3.32,  5.30,  5.12,  4.73,  5.14,  5.92,  4.75
"27/01/2023",  2.86,  2.25,  3.06,  3.12,  3.32,  3.15,  3.34,  5.29,  5.14,  4.74,  5.16,  5.95,  4.73
"28/01/2023",  2.82,  2.22,  3.05,  3.13,  3.33,  3.17,  3.32,  5.29,  5.17,  4.77,  5.19,  5.97,  4.73
"29/01/2023",  2.81,  2.23,  3.01,  3.12,  3.32,  3.17,  3.29,  5.30,  5.18,  4.78,  5.21,  5.98,  4.72
"30/01/2023",  2.80,  2.23,  2.99,  3.13,  3.34,  3.15,  3.27,  5.30,  5.20,  4.79,  5.22,  5.98,  4.71
"31/01/2023",  2.78,  2.21,  2.97,  3.14,  3.35,  3.15,  3.26,  5.33,  5.23,  4.81,  5.24,  6.00,  4.74
"01/02/2023",  2.79,  2.22,  3.00,  3.17,  3.38,  3.17,  3.28,  5.36,  5.25,  4.83,  5.26,  5.98,  4.79
"02/02/2023",  2.83,  2.28,  3.03,  3.21,  3.42,  3.20,  3.31,  5.37,  5.27,  4.86,  5.27,  5.96,  4.78
"03/02/2023",  2.85,  2.32,  3.08,  3.24,  3.45,  3.22,  3.35,  5.37,  5.29,  4.88,  5.29,  5.93,  4.79
"04/02/2023",  2.84,  2.34,  3.09,  3.22,  3.43,  3.21,  3.36,  5.35,  5.28,  4.87,  5.27,  5.89,  4.77
"05/02/2023",  2.87,  2.37,  3.10,  3.21,  3.42,  3.20,  3.37,  5.33,  5.27,  4.85,  5.25,  5.84,  4.74
"06/02/2023",  2.91,  2.40,  3.09,  3.19,  3.40,  3.17,  3.36,  5.30,  5.24,  4.82,  5.22,  5.81,  4.72
"07/02/2023",  2.92,  2.41,  3.09,  3.16,  3.37,  3.11,  3.35,  5.28,  5.20,  4.78,  5.19,  5.76,  4.72
"08/02/2023",  2.94,  2.41,  3.06,  3.15,  3.35,  3.07,  3.32,  5.26,  5.17,  4.74,  5.16,  5.73,  4.72
"09/02/2023",  3.00,  2.44,  3.08,  3.17,  3.36,  3.05,  3.34,  5.25,  5.15,  4.71,  5.14,  5.73,  4.74
"10/02/2023",  3.02,  2.42,  3.06,  3.15,  3.34,  3.03,  3.31,  5.23,  5.13,  4.69,  5.12,  5.73,  4.71
"11/02/2023",  2.99,  2.40,  3.06,  3.15,  3.33,  3.03,  3.31,  5.23,  5.15,  4.70,  5.13,  5.75,  4.70
"12/02/2023",  3.02,  2.44,  3.12,  3.19,  3.37,  3.09,  3.37,  5.26,  5.19,  4.75,  5.18,  5.82,  4.74
"13/02/2023",  3.07,  2.48,  3.20,  3.23,  3.41,  3.15,  3.44,  5.31,  5.26,  4.82,  5.24,  5.88,  4.80
"14/02/2023",  3.11,  2.56,  3.26,  3.30,  3.47,  3.23,  3.51,  5.35,  5.33,  4.89,  5.31,  5.93,  4.87
"15/02/2023",  3.19,  2.68,  3.38,  3.39,  3.56,  3.34,  3.62,  5.43,  5.42,  4.99,  5.40,  6.02,  4.98
"16/02/2023",  3.27,  2.79,  3.45,  3.47,  3.64,  3.43,  3.68,  5.46,  5.47,  5.05,  5.46,  6.08,  5.05
"17/02/2023",  3.31,  2.84,  3.50,  3.53,  3.70,  3.49,  3.73,  5.48,  5.51,  5.08,  5.48,  6.12,  5.07
"18/02/2023",  3.33,  2.89,  3.54,  3.59,  3.77,  3.56,  3.77,  5.53,  5.57,  5.13,  5.54,  6.21,  5.11
"19/02/2023",  3.37,  2.92,  3.59,  3.66,  3.84,  3.64,  3.82,  5.55,  5.65,  5.22,  5.60,  6.31,  5.17
"20/02/2023",  3.37,  2.93,  3.59,  3.67,  3.86,  3.66,  3.83,  5.57,  5.70,  5.26,  5.64,  6.37,  5.18
"21/02/2023",  3.39,  2.95,  3.62,  3.71,  3.91,  3.71,  3.87,  5.63,  5.77,  5.34,  5.70,  6.45,  5.22
"22/02/2023",  3.44,  3.01,  3.70,  3.79,  3.98,  3.81,  3.94,  5.70,  5.86,  5.43,  5.78,  6.52,  5.31
"23/02/2023",  3.52,  3.10,  3.78,  3.85,  4.04,  3.88,  4.02,  5.76,  5.92,  5.49,  5.83,  6.56,  5.38
"24/02/2023",  3.56,  3.16,  3.84,  3.89,  4.08,  3.92,  4.08,  5.82,  5.95,  5.52,  5.87,  6.57,  5.40
"25/02/2023",  3.61,  3.21,  3.91,  3.95,  4.13,  4.01,  4.14,  5.88,  6.00,  5.58,  5.92,  6.59,  5.45
"26/02/2023",  3.66,  3.25,  3.99,  4.01,  4.20,  4.08,  4.22,  5.93,  6.05,  5.63,  5.97,  6.61,  5.49
"27/02/2023",  3.91,  3.41,  4.14,  4.19,  4.38,  4.23,  4.37,  6.08,  6.21,  5.79,  6.11,  6.74,  5.62
"28/02/2023",  3.94,  3.45,  4.18,  4.24,  4.43,  4.28,  4.42,  6.11,  6.24,  5.82,  6.14,  6.75,  5.65
"01/03/2023",  4.08,  3.59,  4.32,  4.37,  4.58,  4.40,  4.56,  6.23,  6.35,  5.94,  6.24,  6.88,  5.77
"02/03/2023",  4.16,  3.68,  4.40,  4.45,  4.65,  4.48,  4.64,  6.30,  6.42,  6.01,  6.31,  6.94,  5.85
"03/03/2023",  4.05,  3.65,  4.40,  4.40,  4.60,  4.46,  4.64,  6.28,  6.40,  5.98,  6.28,  6.93,  5.86
"04/03/2023",  4.13,  3.73,  4.48,  4.48,  4.69,  4.56,  4.72,  6.36,  6.50,  6.09,  6.38,  7.03,  5.93
"05/03/2023",  4.19,  3.81,  4.58,  4.58,  4.79,  4.67,  4.82,  6.45,  6.60,  6.19,  6.48,  7.12,  6.02
"06/03/2023",  4.28,  3.93,  4.67,  4.68,  4.89,  4.80,  4.92,  6.54,  6.72,  6.32,  6.58,  7.22,  6.13
"07/03/2023",  4.35,  4.03,  4.76,  4.79,  5.00,  4.93,  5.01,  6.63,  6.85,  6.46,  6.71,  7.35,  6.22
"08/03/2023",  4.38,  4.09,  4.81,  4.86,  5.08,  5.01,  5.07,  6.69,  6.95,  6.56,  6.79,  7.45,  6.28
"09/03/2023",  4.44,  4.17,  4.88,  4.94,  5.17,  5.10,  5.15,  6.76,  7.05,  6.66,  6.89,  7.54,  6.37
"10/03/2023",  4.50,  4.24,  4.94,  5.02,  5.25,  5.20,  5.21,  6.82,  7.15,  6.77,  6.99,  7.65,  6.45
"11/03/2023",  4.54,  4.29,  4.99,  5.09,  5.32,  5.26,  5.26,  6.88,  7.22,  6.84,  7.06,  7.72,  6.49
"12/03/2023",  4.60,  4.34,  5.07,  5.15,  5.39,  5.32,  5.34,  6.93,  7.27,  6.89,  7.12,  7.78,  6.54
"13/03/2023",  4.68,  4.38,  5.15,  5.23,  5.48,  5.41,  5.42,  7.02,  7.35,  6.97,  7.20,  7.84,  6.62
"14/03/2023",  4.73,  4.40,  5.21,  5.28,  5.53,  5.48,  5.49,  7.11,  7.42,  7.04,  7.26,  7.92,  6.70
"15/03/2023",  4.77,  4.43,  5.28,  5.32,  5.57,  5.54,  5.55,  7.18,  7.48,  7.09,  7.31,  7.97,  6.76
"16/03/2023",  4.82,  4.45,  5.32,  5.34,  5.60,  5.58,  5.60,  7.22,  7.52,  7.14,  7.35,  8.02,  6.81
"17/03/2023",  4.90,  4.57,  5.43,  5.42,  5.68,  5.68,  5.70,  7.31,  7.59,  7.22,  7.42,  8.10,  6.90
"18/03/2023",  4.99,  4.69,  5.52,  5.52,  5.78,  5.77,  5.79,  7.38,  7.68,  7.31,  7.50,  8.19,  6.97
"19/03/2023",  5.07,  4.80,  5.61,  5.62,  5.89,  5.87,  5.88,  7.46,  7.76,  7.39,  7.57,  8.27,  7.04
"20/03/2023",  5.17,  4.93,  5.74,  5.73,  6.00,  5.98,  6.01,  7.57,  7.87,  7.51,  7.68,  8.37,  7.13
"21/03/2023",  5.28,  5.04,  5.88,  5.86,  6.14,  6.13,  6.15,  7.69,  8.01,  7.65,  7.80,  8.50,  7.23
"22/03/2023",  5.34,  5.07,  5.94,  5.93,  6.21,  6.22,  6.23,  7.80,  8.11,  7.76,  7.90,  8.61,  7.30
"23/03/2023",  5.43,  5.16,  6.05,  6.01,  6.30,  6.31,  6.33,  7.90,  8.23,  7.88,  8.01,  8.72,  7.37
"24/03/2023",  5.55,  5.29,  6.17,  6.12,  6.42,  6.44,  6.47,  8.00,  8.34,  8.00,  8.11,  8.81,  7.45
"25/03/2023",  5.68,  5.39,  6.29,  6.25,  6.56,  6.56,  6.59,  8.12,  8.46,  8.12,  8.21,  8.91,  7.56
"26/03/2023",  5.80,  5.50,  6.42,  6.38,  6.69,  6.69,  6.72,  8.24,  8.58,  8.24,  8.33,  9.02,  7.68
"27/03/2023",  5.90,  5.64,  6.56,  6.54,  6.85,  6.83,  6.85,  8.35,  8.71,  8.38,  8.47,  9.14,  7.82
"28/03/2023",  5.99,  5.75,  6.70,  6.69,  7.00,  6.98,  7.00,  8.49,  8.83,  8.51,  8.59,  9.27,  7.97
"29/03/2023",  6.08,  5.85,  6.85,  6.83,  7.14,  7.13,  7.15,  8.61,  8.99,  8.67,  8.73,  9.40,  8.10
"30/03/2023",  6.16,  5.95,  6.97,  6.95,  7.26,  7.24,  7.26,  8.69,  9.11,  8.79,  8.85,  9.50,  8.20
"31/03/2023",  6.25,  6.06,  7.09,  7.06,  7.38,  7.36,  7.39,  8.81,  9.23,  8.92,  8.97,  9.61,  8.31
"01/04/2023",  6.38,  6.17,  7.21,  7.16,  7.48,  7.47,  7.50,  8.90,  9.34,  9.04,  9.08,  9.69,  8.38
"02/04/2023",  6.47,  6.24,  7.29,  7.21,  7.54,  7.52,  7.58,  8.96,  9.40,  9.09,  9.14,  9.73,  8.41
"03/04/2023",  6.58,  6.33,  7.35,  7.25,  7.59,  7.58,  7.65,  9.04,  9.45,  9.15,  9.19,  9.79,  8.48
"04/04/2023",  6.70,  6.43,  7.44,  7.34,  7.68,  7.68,  7.74,  9.14,  9.54,  9.24,  9.27,  9.87,  8.58
"05/04/2023",  6.80,  6.52,  7.53,  7.43,  7.77,  7.79,  7.84,  9.22,  9.63,  9.34,  9.35,  9.95,  8.67
"06/04/2023",  6.90,  6.60,  7.63,  7.54,  7.88,  7.92,  7.94,  9.33,  9.75,  9.47,  9.47, 10.07,  8.81
"07/04/2023",  7.01,  6.72,  7.77,  7.70,  8.04,  8.08,  8.07,  9.45,  9.91,  9.63,  9.63, 10.20,  8.97
"08/04/2023",  7.10,  6.83,  7.91,  7.87,  8.20,  8.23,  8.21,  9.56, 10.05,  9.78,  9.78, 10.34,  9.09
"09/04/2023",  7.16,  6.88,  8.03,  7.98,  8.30,  8.34,  8.33,  9.67, 10.18,  9.92,  9.92, 10.46,  9.20
"10/04/2023",  7.22,  6.91,  8.13,  8.06,  8.39,  8.44,  8.43,  9.76, 10.30, 10.04, 10.03, 10.57,  9.32
"11/04/2023",  7.28,  6.98,  8.21,  8.13,  8.46,  8.52,  8.53,  9.83, 10.38, 10.12, 10.11, 10.66,  9.37
"12/04/2023",  7.37,  7.05,  8.31,  8.20,  8.54,  8.61,  8.63,  9.92, 10.48, 10.23, 10.20, 10.74,  9.46
"13/04/2023",  7.49,  7.13,  8.41,  8.28,  8.62,  8.71,  8.74, 10.01, 10.57, 10.32, 10.28, 10.83,  9.57
"14/04/2023",  7.62,  7.28,  8.54,  8.42,  8.75,  8.85,  8.87, 10.12, 10.68, 10.44, 10.38, 10.94,  9.68
"15/04/2023",  7.76,  7.43,  8.66,  8.54,  8.88,  8.96,  8.99, 10.20, 10.77, 10.53, 10.47, 11.03,  9.76
"16/04/2023",  7.90,  7.54,  8.79,  8.65,  8.99,  9.08,  9.13, 10.30, 10.86, 10.62, 10.56, 11.12,  9.89
"17/04/2023",  8.02,  7.62,  8.88,  8.72,  9.06,  9.15,  9.22, 10.38, 10.92, 10.68, 10.62, 11.19,  9.98
"18/04/2023",  8.12,  7.71,  8.96,  8.80,  9.14,  9.22,  9.31, 10.44, 10.99, 10.76, 10.68, 11.25, 10.03
"19/04/2023",  8.24,  7.80,  9.06,  8.87,  9.22,  9.31,  9.41, 10.51, 11.07, 10.84, 10.75, 11.34, 10.11
"20/04/2023",  8.34,  7.89,  9.16,  8.96,  9.30,  9.40,  9.52, 10.59, 11.14, 10.91, 10.82, 11.41, 10.20
"21/04/2023",  8.47,  8.03,  9.28,  9.08,  9.43,  9.52,  9.64, 10.67, 11.25, 11.03, 10.91, 11.50, 10.26
"22/04/2023",  8.59,  8.19,  9.45,  9.25,  9.59,  9.68,  9.80, 10.78, 11.40, 11.19, 11.04, 11.63, 10.37
"23/04/2023",  8.68,  8.31,  9.58,  9.38,  9.73,  9.83,  9.95, 10.89, 11.54, 11.34, 11.19, 11.75, 10.48
"24/04/2023",  8.76,  8.37,  9.69,  9.48,  9.83,  9.92, 10.05, 10.97, 11.65, 11.44, 11.29, 11.82, 10.57
"25/04/2023",  8.84,  8.45,  9.78,  9.57,  9.91, 10.00, 10.14, 11.05, 11.75, 11.55, 11.39, 11.89, 10.66
"26/04/2023",  8.86,  8.44,  9.82,  9.60,  9.93, 10.02, 10.19, 11.10, 11.80, 11.60, 11.44, 11.94, 10.71
"27/04/2023",  8.92,  8.46,  9.85,  9.62,  9.96, 10.04, 10.23, 11.14, 11.83, 11.63, 11.47, 11.99, 10.78
"28/04/2023",  9.00,  8.50,  9.94,  9.72, 10.05, 10.15, 10.33, 11.22, 11.93, 11.74, 11.56, 12.09, 10.89
"29/04/2023",  9.10,  8.57, 10.04,  9.81, 10.14, 10.26, 10.44, 11.31, 12.05, 11.87, 11.67, 12.22, 11.00
"30/04/2023",  9.22,  8.65, 10.18,  9.94, 10.28, 10.42, 10.58, 11.43, 12.19, 12.02, 11.79, 12.35, 11.12
"01/05/2023",  9.36,  8.77, 10.34, 10.10, 10.43, 10.57, 10.75, 11.55, 12.35, 12.18, 11.94, 12.50, 11.25
"02/05/2023",  9.50,  8.87, 10.50, 10.24, 10.57, 10.73, 10.91, 11.67, 12.49, 12.33, 12.07, 12.64, 11.37
"03/05/2023",  9.62,  8.98, 10.61, 10.35, 10.68, 10.82, 11.02, 11.75, 12.58, 12.42, 12.15, 12.72, 11.45
"04/05/2023",  9.77,  9.09, 10.75, 10.49, 10.80, 10.94, 11.16, 11.83, 12.69, 12.53, 12.25, 12.79, 11.54
"05/05/2023",  9.88,  9.19, 10.87, 10.61, 10.93, 11.07, 11.29, 11.90, 12.81, 12.67, 12.36, 12.88, 11.63
"06/05/2023", 10.00,  9.28, 10.96, 10.73, 11.04, 11.18, 11.38, 11.97, 12.92, 12.79, 12.46, 12.97, 11.72
"07/05/2023", 10.10,  9.38, 11.05, 10.85, 11.16, 11.29, 11.48, 12.04, 13.06, 12.93, 12.59, 13.05, 11.82
"08/05/2023", 10.20,  9.45, 11.14, 10.96, 11.27, 11.41, 11.57, 12.11, 13.19, 13.07, 12.71, 13.15, 11.90
"09/05/2023", 10.27,  9.52, 11.19, 11.02, 11.33, 11.47, 11.64, 12.16, 13.28, 13.16, 12.79, 13.22, 11.96
"10/05/2023", 10.36,  9.60, 11.26, 11.10, 11.40, 11.53, 11.71, 12.20, 13.35, 13.23, 12.86, 13.28, 12.03
"11/05/2023", 10.45,  9.70, 11.34, 11.18, 11.48, 11.62, 11.79, 12.28, 13.45, 13.34, 12.95, 13.37, 12.11
"12/05/2023", 10.54,  9.79, 11.42, 11.26, 11.55, 11.69, 11.87, 12.35, 13.51, 13.40, 13.01, 13.43, 12.19
"13/05/2023", 10.61,  9.87, 11.49, 11.33, 11.61, 11.75, 11.94, 12.42, 13.56, 13.44, 13.06, 13.49, 12.28
"14/05/2023", 10.69,  9.95, 11.55, 11.42, 11.69, 11.82, 12.01, 12.49, 13.62, 13.51, 13.11, 13.57, 12.35
"15/05/2023", 10.76, 10.01, 11.61, 11.48, 11.73, 11.89, 12.07, 12.54, 13.67, 13.57, 13.16, 13.62, 12.39
"16/05/2023", 10.82, 10.08, 11.68, 11.56, 11.79, 11.94, 12.14, 12.58, 13.72, 13.62, 13.20, 13.65, 12.45
"17/05/2023", 10.89, 10.16, 11.74, 11.63, 11.85, 12.01, 12.20, 12.63, 13.80, 13.70, 13.27, 13.71, 12.52
"18/05/2023", 10.99, 10.26, 11.82, 11.71, 11.93, 12.09, 12.29, 12.70, 13.89, 13.80, 13.34, 13.78, 12.58
"19/05/2023", 11.10, 10.36, 11.94, 11.82, 12.04, 12.20, 12.40, 12.78, 14.01, 13.92, 13.45, 13.86, 12.65
"20/05/2023", 11.25, 10.50, 12.06, 11.97, 12.19, 12.34, 12.53, 12.89, 14.16, 14.08, 13.59, 13.98, 12.78
"21/05/2023", 11.38, 10.62, 12.19, 12.11, 12.33, 12.48, 12.67, 12.98, 14.31, 14.24, 13.71, 14.11, 12.89
"22/05/2023", 11.52, 10.74, 12.34, 12.24, 12.45, 12.62, 12.82, 13.08, 14.44, 14.37, 13.82, 14.22, 12.98
"23/05/2023", 11.66, 10.86, 12.45, 12.34, 12.56, 12.73, 12.93, 13.16, 14.56, 14.50, 13.93, 14.34, 13.08
"24/05/2023", 11.77, 10.97, 12.54, 12.44, 12.65, 12.81, 13.02, 13.23, 14.64, 14.58, 14.00, 14.41, 13.16
"25/05/2023", 11.86, 11.05, 12.61, 12.50, 12.70, 12.86, 13.08, 13.30, 14.69, 14.64, 14.05, 14.48, 13.22
"26/05/2023", 11.95, 11.12, 12.67, 12.55, 12.74, 12.91, 13.14, 13.35, 14.73, 14.69, 14.09, 14.52, 13.25
"27/05/2023", 12.04, 11.19, 12.72, 12.61, 12.78, 12.96, 13.19, 13.42, 14.78, 14.74, 14.14, 14.58, 13.30
"28/05/2023", 12.11, 11.26, 12.80, 12.69, 12.85, 13.03, 13.26, 13.48, 14.85, 14.81, 14.20, 14.63, 13.36
"29/05/2023", 12.19, 11.36, 12.88, 12.77, 12.92, 13.11, 13.34, 13.55, 14.92, 14.89, 14.26, 14.70, 13.42
"30/05/2023", 12.27, 11.44, 12.95, 12.84, 12.98, 13.18, 13.41, 13.62, 14.97, 14.95, 14.31, 14.75, 13.48
"31/05/2023", 12.35, 11.51, 13.03, 12.93, 13.07, 13.27, 13.48, 13.70, 15.07, 15.05, 14.39, 14.83, 13.54
"01/06/2023", 12.43, 11.58, 13.10, 13.01, 13.14, 13.35, 13.55, 13.76, 15.15, 15.13, 14.46, 14.89, 13.59
"02/06/2023", 12.51, 11.66, 13.17, 13.09, 13.21, 13.42, 13.62, 13.83, 15.21, 15.20, 14.51, 14.95, 13.64
"03/06/2023", 12.59, 11.69, 13.22, 13.14, 13.26, 13.47, 13.67, 13.86, 15.26, 15.25, 14.56, 14.98, 13.66
"04/06/2023", 12.66, 11.73, 13.29, 13.20, 13.32, 13.53, 13.73, 13.90, 15.34, 15.34, 14.62, 15.04, 13.71
"05/06/2023", 12.72, 11.80, 13.34, 13.23, 13.35, 13.56, 13.78, 13.93, 15.38, 15.39, 14.67, 15.08, 13.75
"06/06/2023", 12.77, 11.86, 13.37, 13.26, 13.37, 13.57, 13.80, 13.94, 15.41, 15.43, 14.69, 15.11, 13.78
"07/06/2023", 12.81, 11.89, 13.35, 13.26, 13.37, 13.57, 13.79, 13.94, 15.42, 15.45, 14.71, 15.13, 13.79
"08/06/2023", 12.84, 11.94, 13.37, 13.29, 13.39, 13.59, 13.80, 13.95, 15.45, 15.49, 14.74, 15.15, 13.82
"09/06/2023", 12.87, 11.97, 13.38, 13.32, 13.41, 13.61, 13.81, 13.97, 15.46, 15.50, 14.75, 15.17, 13.83
"10/06/2023", 12.90, 12.01, 13.42, 13.36, 13.45, 13.65, 13.85, 13.99, 15.49, 15.53, 14.77, 15.19, 13.85
"11/06/2023", 12.94, 12.05, 13.49, 13.43, 13.51, 13.72, 13.92, 14.04, 15.54, 15.58, 14.82, 15.22, 13.88
"12/06/2023", 12.97, 12.08, 13.56, 13.49, 13.57, 13.78, 13.99, 14.09, 15.60, 15.65, 14.87, 15.26, 13.91
"13/06/2023", 13.01, 12.13, 13.62, 13.55, 13.62, 13.84, 14.04, 14.13, 15.66, 15.71, 14.92, 15.30, 13.94
"14/06/2023", 13.05, 12.20, 13.68, 13.62, 13.68, 13.90, 14.10, 14.17, 15.71, 15.77, 14.96, 15.34, 13.97
"15/06/2023", 13.08, 12.27, 13.72, 13.66, 13.73, 13.94, 14.13, 14.20, 15.76, 15.82, 15.00, 15.37, 14.00
"16/06/2023", 13.11, 12.32, 13.74, 13.70, 13.77, 13.97, 14.15, 14.22, 15.79, 15.86, 15.02, 15.40, 14.02
"17/06/2023", 13.15, 12.38, 13.76, 13.73, 13.80, 13.99, 14.17, 14.25, 15.81, 15.89, 15.05, 15.42, 14.04
"18/06/2023", 13.19, 12.43, 13.79, 13.76, 13.83, 14.03, 14.20, 14.27, 15.85, 15.93, 15.07, 15.45, 14.06
"19/06/2023", 13.21, 12.47, 13.81, 13.79, 13.86, 14.06, 14.22, 14.29, 15.88, 15.97, 15.10, 15.48, 14.08
"20/06/2023", 13.24, 12.50, 13.82, 13.83, 13.90, 14.10, 14.23, 14.31, 15.92, 16.01, 15.14, 15.50, 14.10
"21/06/2023", 13.26, 12.53, 13.84, 13.86, 13.93, 14.13, 14.25, 14.33, 15.95, 16.05, 15.17, 15.52, 14.11
"22/06/2023", 13.29, 12.56, 13.87, 13.90, 13.96, 14.16, 14.27, 14.34, 15.98, 16.08, 15.19, 15.54, 14.13
"23/06/2023", 13.31, 12.59, 13.89, 13.93, 14.00, 14.18, 14.30, 14.36, 16.01, 16.12, 15.22, 15.56, 14.14
"24/06/2023", 13.35, 12.61, 13.90, 13.94, 14.00, 14.18, 14.30, 14.37, 16.03, 16.14, 15.23, 15.57, 14.15
"25/06/2023", 13.35, 12.62, 13.91, 13.94, 14.00, 14.17, 14.31, 14.37, 16.02, 16.14, 15.23, 15.57, 14.16
"26/06/2023", 13.36, 12.62, 13.91, 13.93, 13.99, 14.17, 14.30, 14.38, 16.02, 16.15, 15.23, 15.57, 14.16
"27/06/2023", 13.37, 12.66, 13.91, 13.94, 14.00, 14.18, 14.31, 14.39, 16.03, 16.16, 15.23, 15.58, 14.17
"28/06/2023", 13.38, 12.68, 13.91, 13.94, 14.00, 14.19, 14.31, 14.39, 16.04, 16.17, 15.24, 15.60, 14.18
"29/06/2023", 13.41, 12.72, 13.94, 13.97, 14.02, 14.21, 14.33, 14.41, 16.05, 16.19, 15.25, 15.62, 14.21
"30/06/2023", 13.44, 12.76, 13.97, 14.00, 14.04, 14.25, 14.36, 14.43, 16.07, 16.21, 15.27, 15.64, 14.23
"01/07/2023", 13.50, 12.82, 14.00, 14.03, 14.08, 14.28, 14.39, 14.45, 16.10, 16.25, 15.30, 15.67, 14.25
"02/07/2023", 13.54, 12.86, 14.03, 14.07, 14.11, 14.31, 14.41, 14.47, 16.12, 16.28, 15.31, 15.69, 14.27
"03/07/2023", 13.59, 12.91, 14.06, 14.11, 14.15, 14.34, 14.44, 14.49, 16.14, 16.30, 15.33, 15.71, 14.29
"04/07/2023", 13.63, 12.95, 14.10, 14.14, 14.19, 14.38, 14.47, 14.51, 16.16, 16.33, 15.36, 15.72, 14.31
"05/07/2023", 13.67, 13.00, 14.13, 14.18, 14.22, 14.41, 14.50, 14.54, 16.19, 16.36, 15.38, 15.73, 14.33
"06/07/2023", 13.69, 13.03, 14.15, 14.20, 14.24, 14.43, 14.52, 14.56, 16.20, 16.38, 15.39, 15.75, 14.35
"07/07/2023", 13.72, 13.06, 14.19, 14.22, 14.26, 14.45, 14.55, 14.58, 16.22, 16.41, 15.41, 15.77, 14.37
"08/07/2023", 13.73, 13.09, 14.21, 14.23, 14.27, 14.46, 14.57, 14.60, 16.23, 16.43, 15.42, 15.78, 14.39
"09/07/2023", 13.74, 13.11, 14.22, 14.24, 14.29, 14.48, 14.58, 14.62, 16.24, 16.44, 15.43, 15.80, 14.40
"10/07/2023", 13.74, 13.12, 14.24, 14.26, 14.30, 14.49, 14.59, 14.63, 16.25, 16.45, 15.44, 15.81, 14.42
"11/07/2023", 13.76, 13.14, 14.26, 14.28, 14.32, 14.51, 14.60, 14.64, 16.26, 16.47, 15.45, 15.82, 14.43
"12/07/2023", 13.76, 13.15, 14.27, 14.29, 14.33, 14.51, 14.61, 14.65, 16.28, 16.49, 15.47, 15.84, 14.44
"13/07/2023", 13.77, 13.15, 14.27, 14.29, 14.34, 14.52, 14.61, 14.65, 16.28, 16.49, 15.47, 15.85, 14.44
"14/07/2023", 13.78, 13.17, 14.29, 14.31, 14.35, 14.52, 14.63, 14.66, 16.29, 16.51, 15.49, 15.86, 14.45
"15/07/2023", 13.79, 13.18, 14.30, 14.32, 14.36, 14.53, 14.64, 14.67, 16.30, 16.52, 15.50, 15.88, 14.46
"16/07/2023", 13.80, 13.19, 14.31, 14.33, 14.38, 14.55, 14.65, 14.68, 16.32, 16.54, 15.51, 15.89, 14.47
"17/07/2023", 13.82, 13.21, 14.32, 14.34, 14.39, 14.56, 14.66, 14.70, 16.32, 16.55, 15.52, 15.90, 14.48
"18/07/2023", 13.83, 13.22, 14.33, 14.35, 14.39, 14.57, 14.67, 14.71, 16.33, 16.56, 15.53, 15.90, 14.49
"19/07/2023", 13.84, 13.23, 14.33, 14.35, 14.40, 14.58, 14.67, 14.72, 16.34, 16.57, 15.53, 15.91, 14.50
"20/07/2023", 13.85, 13.23, 14.34, 14.36, 14.40, 14.58, 14.68, 14.73, 16.35, 16.59, 15.54, 15.92, 14.51
"21/07/2023", 13.86, 13.23, 14.36, 14.36, 14.41, 14.59, 14.69, 14.74, 16.35, 16.59, 15.54, 15.92, 14.51
"22/07/2023", 13.87, 13.24, 14.38, 14.37, 14.42, 14.60, 14.71, 14.75, 16.36, 16.60, 15.55, 15.93, 14.52
"23/07/2023", 13.88, 13.26, 14.40, 14.38, 14.43, 14.61, 14.73, 14.77, 16.37, 16.61, 15.56, 15.94, 14.53
"24/07/2023", 13.89, 13.26, 14.42, 14.40, 14.44, 14.63, 14.74, 14.79, 16.37, 16.62, 15.56, 15.94, 14.55
"25/07/2023", 13.90, 13.28, 14.44, 14.41, 14.45, 14.65, 14.76, 14.81, 16.38, 16.62, 15.57, 15.96, 14.56
"26/07/2023", 13.91, 13.28, 14.44, 14.42, 14.46, 14.66, 14.77, 14.83, 16.39, 16.64, 15.58, 15.97, 14.58
"27/07/2023", 13.91, 13.28, 14.44, 14.42, 14.47, 14.66, 14.77, 14.84, 16.40, 16.65, 15.59, 15.97, 14.59
"28/07/2023", 13.90, 13.28, 14.44, 14.41, 14.46, 14.65, 14.76, 14.84, 16.40, 16.65, 15.59, 15.98, 14.59
"29/07/2023", 13.90, 13.29, 14.43, 14.41, 14.46, 14.65, 14.76, 14.83, 16.40, 16.66, 15.59, 15.98, 14.59
"30/07/2023", 13.89, 13.28, 14.40, 14.40, 14.45, 14.64, 14.73, 14.83, 16.40, 16.66, 15.59, 15.98, 14.58
"31/07/2023", 13.89, 13.28, 14.40, 14.40, 14.45, 14.63, 14.72, 14.82, 16.40, 16.65, 15.59, 15.98, 14.58
"01/08/2023", 13.89, 13.29, 14.40, 14.40, 14.45, 14.64, 14.72, 14.81, 16.40, 16.66, 15.59, 15.98, 14.57
"02/08/2023", 13.89, 13.30, 14.41, 14.41, 14.46, 14.64, 14.73, 14.81, 16.41, 16.66, 15.60, 15.98, 14.56
"03/08/2023", 13.90, 13.31, 14.42, 14.42, 14.47, 14.65, 14.74, 14.81, 16.41, 16.67, 15.60, 15.99, 14.56
"04/08/2023", 13.91, 13.33, 14.43, 14.42, 14.48, 14.65, 14.75, 14.81, 16.41, 16.67, 15.60, 15.99, 14.56
"05/08/2023", 13.91, 13.33, 14.44, 14.43, 14.49, 14.65, 14.76, 14.82, 16.42, 16.67, 15.60, 15.99, 14.57
"06/08/2023", 13.90, 13.33, 14.43, 14.42, 14.48, 14.65, 14.76, 14.82, 16.41, 16.67, 15.60, 15.99, 14.57
"07/08/2023", 13.89, 13.32, 14.43, 14.42, 14.48, 14.64, 14.75, 14.83, 16.41, 16.66, 15.59, 15.99, 14.57
"08/08/2023", 13.88, 13.30, 14.41, 14.41, 14.47, 14.63, 14.74, 14.82, 16.40, 16.66, 15.59, 15.98, 14.57
"09/08/2023", 13.87, 13.29, 14.41, 14.40, 14.46, 14.62, 14.73, 14.81, 16.40, 16.65, 15.59, 15.98, 14.56
"10/08/2023", 13.86, 13.28, 14.41, 14.39, 14.45, 14.62, 14.73, 14.81, 16.40, 16.65, 15.59, 15.98, 14.56
"11/08/2023", 13.87, 13.28, 14.41, 14.39, 14.45, 14.62, 14.73, 14.80, 16.40, 16.65, 15.59, 15.98, 14.56
"12/08/2023", 13.87, 13.28, 14.42, 14.40, 14.46, 14.62, 14.74, 14.81, 16.40, 16.65, 15.59, 15.98, 14.57
"13/08/2023", 13.86, 13.28, 14.42, 14.40, 14.47, 14.63, 14.75, 14.82, 16.40, 16.65, 15.59, 15.98, 14.57
"14/08/2023", 13.86, 13.28, 14.42, 14.40, 14.47, 14.63, 14.75, 14.83, 16.40, 16.65, 15.59, 15.98, 14.58
"15/08/2023", 13.85, 13.28, 14.41, 14.40, 14.47, 14.62, 14.74, 14.83, 16.39, 16.65, 15.58, 15.98, 14.57
"16/08/2023", 13.82, 13.26, 14.39, 14.38, 14.45, 14.60, 14.72, 14.82, 16.38, 16.63, 15.56, 15.96, 14.56
"17/08/2023", 13.78, 13.24, 14.36, 14.35, 14.42, 14.58, 14.69, 14.80, 16.36, 16.61, 15.55, 15.94, 14.54
"18/08/2023", 13.74, 13.21, 14.33, 14.33, 14.40, 14.55, 14.66, 14.76, 16.34, 16.58, 15.53, 15.92, 14.51
"19/08/2023", 13.70, 13.18, 14.31, 14.30, 14.38, 14.52, 14.65, 14.74, 16.32, 16.56, 15.51, 15.91, 14.49
"20/08/2023", 13.66, 13.15, 14.30, 14.28, 14.36, 14.51, 14.63, 14.72, 16.30, 16.53, 15.49, 15.89, 14.47
"21/08/2023", 13.64, 13.13, 14.28, 14.26, 14.34, 14.49, 14.62, 14.70, 16.30, 16.52, 15.49, 15.88, 14.46
"22/08/2023", 13.63, 13.12, 14.27, 14.25, 14.33, 14.48, 14.61, 14.69, 16.29, 16.51, 15.48, 15.87, 14.45
"23/08/2023", 13.62, 13.11, 14.25, 14.22, 14.31, 14.46, 14.59, 14.68, 16.27, 16.49, 15.46, 15.85, 14.43
"24/08/2023", 13.59, 13.08, 14.22, 14.19, 14.27, 14.43, 14.57, 14.67, 16.25, 16.46, 15.44, 15.84, 14.42
"25/08/2023", 13.57, 13.05, 14.18, 14.16, 14.25, 14.40, 14.54, 14.65, 16.23, 16.44, 15.42, 15.82, 14.41
"26/08/2023", 13.53, 13.02, 14.16, 14.14, 14.22, 14.38, 14.51, 14.64, 16.22, 16.42, 15.41, 15.81, 14.40
"27/08/2023", 13.50, 12.98, 14.14, 14.11, 14.20, 14.36, 14.50, 14.63, 16.21, 16.41, 15.40, 15.80, 14.39
"28/08/2023", 13.47, 12.96, 14.12, 14.09, 14.18, 14.34, 14.48, 14.62, 16.19, 16.39, 15.39, 15.79, 14.39
"29/08/2023", 13.45, 12.94, 14.10, 14.08, 14.17, 14.32, 14.46, 14.60, 16.18, 16.37, 15.38, 15.78, 14.37
"30/08/2023", 13.43, 12.91, 14.09, 14.06, 14.16, 14.30, 14.45, 14.59, 16.16, 16.35, 15.36, 15.76, 14.35
"31/08/2023", 13.42, 12.89, 14.08, 14.05, 14.15, 14.28, 14.44, 14.58, 16.15, 16.33, 15.35, 15.74, 14.33
"01/09/2023", 13.40, 12.87, 14.06, 14.03, 14.13, 14.26, 14.43, 14.56, 16.13, 16.31, 15.33, 15.72, 14.31
"02/09/2023", 13.38, 12.84, 14.05, 14.01, 14.12, 14.25, 14.42, 14.56, 16.12, 16.28, 15.32, 15.71, 14.30
"03/09/2023", 13.35, 12.81, 14.02, 13.99, 14.10, 14.23, 14.40, 14.55, 16.11, 16.27, 15.31, 15.70, 14.30
"04/09/2023", 13.30, 12.76, 13.98, 13.96, 14.07, 14.21, 14.37, 14.54, 16.09, 16.25, 15.29, 15.69, 14.28
"05/09/2023", 13.24, 12.71, 13.95, 13.93, 14.04, 14.18, 14.34, 14.52, 16.07, 16.23, 15.27, 15.67, 14.26
"06/09/2023", 13.17, 12.67, 13.90, 13.89, 14.00, 14.15, 14.30, 14.49, 16.04, 16.19, 15.24, 15.65, 14.24
"07/09/2023", 13.10, 12.60, 13.84, 13.84, 13.96, 14.10, 14.25, 14.45, 16.01, 16.16, 15.21, 15.62, 14.21
"08/09/2023", 13.04, 12.56, 13.80, 13.79, 13.92, 14.05, 14.21, 14.41, 15.99, 16.12, 15.19, 15.59, 14.17
"09/09/2023", 12.99, 12.51, 13.74, 13.75, 13.88, 14.00, 14.17, 14.37, 15.95, 16.08, 15.15, 15.56, 14.14
"10/09/2023", 12.93, 12.47, 13.68, 13.69, 13.82, 13.93, 14.11, 14.33, 15.91, 16.03, 15.12, 15.52, 14.11
"11/09/2023", 12.88, 12.41, 13.63, 13.64, 13.78, 13.87, 14.07, 14.28, 15.87, 15.98, 15.08, 15.48, 14.07
"12/09/2023", 12.82, 12.36, 13.58, 13.58, 13.73, 13.82, 14.02, 14.23, 15.82, 15.92, 15.03, 15.43, 14.03
"13/09/2023", 12.74, 12.29, 13.52, 13.52, 13.67, 13.75, 13.97, 14.18, 15.75, 15.84, 14.97, 15.37, 13.98
"14/09/2023", 12.65, 12.21, 13.45, 13.44, 13.60, 13.68, 13.90, 14.12, 15.68, 15.76, 14.90, 15.31, 13.94
"15/09/2023", 12.57, 12.11, 13.37, 13.37, 13.53, 13.61, 13.84, 14.06, 15.61, 15.68, 14.84, 15.25, 13.89
"16/09/2023", 12.49, 12.03, 13.29, 13.30, 13.46, 13.53, 13.76, 14.00, 15.54, 15.61, 14.78, 15.19, 13.84
"17/09/2023", 12.42, 11.95, 13.21, 13.22, 13.39, 13.47, 13.69, 13.96, 15.48, 15.54, 14.72, 15.14, 13.81
"18/09/2023", 12.34, 11.87, 13.14, 13.16, 13.33, 13.41, 13.63, 13.91, 15.44, 15.49, 14.69, 15.12, 13.78
"19/09/2023", 12.26, 11.79, 13.06, 13.08, 13.25, 13.35, 13.56, 13.86, 15.39, 15.44, 14.66, 15.09, 13.74
"20/09/2023", 12.20, 11.74, 13.00, 13.03, 13.20, 13.29, 13.50, 13.81, 15.35, 15.39, 14.63, 15.05, 13.70
"21/09/2023", 12.15, 11.69, 12.93, 12.96, 13.14, 13.23, 13.45, 13.75, 15.29, 15.32, 14.57, 15.00, 13.66
"22/09/2023", 12.08, 11.61, 12.86, 12.90, 13.08, 13.16, 13.38, 13.67, 15.23, 15.25, 14.52, 14.95, 13.61
"23/09/2023", 12.03, 11.56, 12.80, 12.84, 13.02, 13.09, 13.32, 13.60, 15.16, 15.18, 14.46, 14.88, 13.56
"24/09/2023", 11.98, 11.51, 12.75, 12.79, 12.98, 13.04, 13.28, 13.54, 15.11, 15.11, 14.42, 14.82, 13.51
"25/09/2023", 11.88, 11.42, 12.66, 12.70, 12.89, 12.94, 13.20, 13.47, 15.04, 15.04, 14.35, 14.76, 13.45
"26/09/2023", 11.76, 11.33, 12.55, 12.61, 12.81, 12.85, 13.10, 13.39, 14.98, 14.97, 14.30, 14.71, 13.39
"27/09/2023", 11.64, 11.22, 12.42, 12.49, 12.69, 12.73, 12.98, 13.30, 14.89, 14.87, 14.22, 14.63, 13.32
"28/09/2023", 11.50, 11.08, 12.27, 12.34, 12.55, 12.57, 12.84, 13.18, 14.77, 14.74, 14.11, 14.53, 13.23
"29/09/2023", 11.33, 10.92, 12.10, 12.17, 12.39, 12.39, 12.68, 13.06, 14.64, 14.60, 14.00, 14.43, 13.14
"30/09/2023", 11.20, 10.79, 11.95, 12.03, 12.26, 12.24, 12.55, 12.93, 14.50, 14.47, 13.89, 14.32, 13.06
